MonName,Type,Pic,Wav,HP,Dc,DcMax,Df,DfMax,Mf,MfMax,Nb,Eye,StepSpeed,DcSpeed,DcSleep,XiHP,MaBi,ZD,ActType,Ex,Items,R,G,B,A,Event
鸡,0,1,鸡,8,0,2,0,0,0,0,0,0,4,5,20,0,0,0,0,1,2/金币2 5/金币2 10/金币3 30/金币5 10/鸡蛋 ;,255,255,255,255,0
烈火鸡,1,1,鸡,15,1,3,0,0,0,0,0,1,4,5,20,0,0,0,0,3,2/金币2 5/金币3 10/金币4 30/金币8 8/鸡蛋 10/鸡之灵 ;,255,50,50,255,0
爆烈鸡,2,1,鸡,30,2,4,0,0,0,0,0,1,3,5,20,0,0,0,0,5,2/金币5 5/金币6 10/金币7 30/金币10 4/鸡蛋 5/鸡之灵 ;,0,255,255,255,0
羊,0,2,羊,15,1,2,0,0,0,0,0,0,4,5,20,0,0,0,0,3,2/金币2 5/金币2 10/金币3 30/金币5 20/小项链 20/木板鞋 20/木戒指 15/回城卷 ;,255,255,255,255,0
烈火羊,1,2,羊,30,1,3,0,0,0,0,0,1,4,5,20,0,0,0,0,4,2/金币2 5/金币3 10/金币4 30/金币8 15/小项链 15/木板鞋 15/木戒指 15/回城卷 15/普通手镯 ;,255,100,100,255,0
瘟羊,3,2,羊,45,2,4,0,1,0,0,0,1,3,5,20,0,0,0,0,6,2/金币5 5/金币6 10/金币7 30/金币10 10/小项链 10/木板鞋 10/木戒指 15/回城卷 15/普通手镯 ;,100,255,255,255,0
鹿,0,3,鹿,20,1,3,0,0,0,0,0,0,4,5,20,0,0,0,0,4,2/金币2 5/金币2 10/金币3 30/金币5 20/普通盾牌 20/檀木剑 20/普通手镯 ;,255,255,255,255,0
火焰鹿,1,3,鹿,40,1,4,0,0,0,0,0,2,4,5,20,0,0,0,0,5,2/金币2 5/金币3 10/金币4 30/金币8 15/普通盾牌 15/檀木剑 15/普通手镯 ;,255,100,100,255,0
瘟鹿,3,3,鹿,55,2,5,0,1,0,0,1,2,3,5,20,0,0,0,0,7,2/金币5 5/金币6 10/金币7 30/金币10 15/普通盾牌 15/普通手镯 15/檀木剑 10/神水 ;,100,255,255,255,0
幻鹿,0,3,鹿,80,4,8,2,5,0,3,0,3,2,5,20,0,0,0,0,12,2/金币7 5/金币10 10/金币10 30/金币15 10/普通盾牌 10/普通手镯 10/神水 10/檀木剑 ;,255,255,255,155,0
粪蛾,0,4,蝙蝠,10,1,2,0,0,0,0,0,2,3,4,18,0,0,0,0,1,2/金币2 5/金币2 10/金币3 30/金币5 10/回城卷 20/木戒指 ;,255,255,255,255,0
火焰蛾,1,4,蝙蝠,15,1,3,0,1,0,0,1,2,3,4,18,0,0,0,0,2,2/金币2 5/金币3 10/金币4 30/金币8 20/布帽 6/回城卷 20/木戒指 ;,255,50,50,255,0
幻蛾,2,4,蝙蝠,25,2,4,0,1,0,2,2,2,2,4,12,0,0,0,0,6,2/金币5 5/金币6 10/金币7 30/金币10 20/布帽 3/回城卷 ;,255,255,255,155,0
稻草人,0,6,稻草人,30,1,4,0,1,0,0,0,2,4,5,20,0,0,0,0,6,2/金币5 5/金币7 10/金币9 30/金币15 10/木剑 16/玻璃戒指 16/木戒指 15/回城卷 15/普通手镯 ;,255,255,255,255,0
烈火稻草,1,6,稻草人,40,2,6,0,2,0,1,0,2,4,5,20,0,0,0,0,14,2/金币6 5/金币8 10/金币10 30/金币15 10/木剑 15/玻璃戒指 15/木戒指 20/法杖 15/回城卷 10/普通手镯 ;,255,50,50,255,0
封魔稻草,2,6,稻草人,60,3,10,0,5,1,5,1,3,4,5,20,0,0,0,0,18,2/金币7 5/金币9 10/金币12 30/金币15 10/木剑 10/玻璃戒指 10/六角戒指 20/法杖 10/青铜斧 10/回城卷 10/木戒指 10/普通手镯 ;,100,100,100,255,0
幻之稻草,2,6,稻草人,90,4,12,2,7,0,3,1,3,3,5,20,0,0,0,0,25,2/金币10 5/金币12 10/金币15 30/金币30 20/法杖 10/黄铜头盔 10/黄铜项链 10/黄铜手镯 10/黄铜戒指 10/黄铜靴 ;,255,255,255,155,0
野狼,0,7,狼,30,1,5,0,1,0,0,0,2,4,5,20,0,0,0,0,8,2/金币5 5/金币5 10/金币9 30/金币10 15/狼皮 20/木戒指 20/普通手镯 ;,255,255,255,255,0
火狼,1,7,狼,45,2,7,1,3,0,0,1,2,4,5,20,0,0,0,0,14,2/金币5 5/金币6 10/金币10 30/金币10 6/狼皮 20/木戒指 10/玻璃戒指 15/六角戒指 15/普通手镯 ;,255,50,50,255,0
灰狼,2,7,狼,80,3,10,2,4,0,0,1,2,3,5,20,0,0,0,0,20,2/金币5 5/金币7 10/金币11 30/金币15 20/法杖 3/狼皮 15/蓝色项链 15/生铁戒指 15/六角戒指 10/普通手镯 ;,100,100,100,255,0
狼首领,2,7,狼,100,5,12,3,8,0,0,1,3,3,5,20,0,0,0,0,25,1/金币5 1/金币8 1/金币12 2/金币20 15/红缨头盔 15/红缨项链 15/红缨手镯 15/红缨戒指 15/红缨靴 1/狼皮 ;,255,255,50,255,0
腐尸,0,8,腐尸,60,2,6,0,2,0,1,0,2,4,5,20,0,0,0,0,8,20/檀木剑 12/木板鞋 20/练功服 10/布衣 ;,255,255,255,255,0
爆裂尸,2,8,腐尸,80,3,8,1,3,0,1,1,2,3,5,20,0,0,0,0,10,10/檀木剑 12/木板鞋 20/练功服 10/布衣 20/法杖 ;,50,255,255,255,0
古尸,0,9,古尸,80,10,15,0,2,0,1,0,2,4,5,20,0,0,0,0,15,15/法仗 12/棉靴 20/清风衣 20/法袍 20/轻盔甲 ;,255,255,255,255,0
火尸,1,9,古尸,100,15,20,1,3,0,2,1,2,3,5,20,0,0,0,0,18,15/法仗 12/棉靴 20/清风衣 20/法袍 20/轻盔甲 ;,255,50,50,255,0
鬼灵,0,10,鬼灵,100,1,8,1,4,1,3,1,2,3,5,20,0,0,0,0,20,20/古墓帽 20/古墓项链 20/古墓手镯 20/古墓戒指 20/古墓靴 ;,255,255,255,255,0
王灵,2,10,鬼灵,300,3,7,1,5,1,5,1,4,2,4,20,0,5,10,7,60,1/金币5 1/金币10 1/金币10 10/古墓帽 10/古墓项链 10/古墓手镯 10/古墓戒指 10/古墓靴 20/蓝色项链 15/生铁戒指 ;,255,255,150,255,21
沙虫,0,11,沙虫,50,3,6,1,3,1,2,0,2,4,5,20,0,0,0,0,13,2/金币8 5/金币15 8/金币20 20/黑斩 15/普通手镯 15/玻璃戒指 ;,255,255,255,255,0
沙妖,0,18,沙妖,70,5,8,1,2,1,2,0,2,4,5,20,0,0,0,0,18,2/金币8 5/金币15 8/金币20 20/黑斩 20/铁盾 15/普通手镯 15/玻璃戒指 15/生铁戒指 ;,255,255,255,255,0
石怪,0,19,石怪,150,20,25,15,25,10,15,0,4,3,5,20,0,0,0,0,40,20/铁盾 20/坚固盾牌 20/红靴 20/蓝靴 20/战靴 15/双刃斧 ;,255,255,255,255,0
火石怪,1,19,石怪,200,25,30,15,25,10,20,0,4,2,5,20,0,0,0,0,60,15/铁盾 15/坚固盾牌 15/红靴 15/蓝靴 15/战靴 15/双刃斧 ;,255,50,50,255,0
魔尸,3,16,古尸,50,15,25,1,2,1,3,0,2,4,5,20,0,0,0,4,20,2/金币8 5/金币15 8/金币20 20/蓝色项链 20/蛇眼戒指 ;,255,255,255,255,0
毒魔尸,3,16,古尸,65,5,15,1,2,1,3,0,3,4,5,20,0,0,10,5,30,2/金币8 5/金币15 8/金币20 20/蓝色项链 20/蛇眼戒指 ;,50,255,255,255,0
独眼蛙,0,12,独眼蛙,65,4,6,1,2,1,2,0,2,3,5,16,0,0,0,0,20,2/金币8 5/金币15 8/金币20 10/回城卷 20/短剑 15/玻璃戒指 20/蓝色项链 ;,255,255,255,255,0
红蛙,1,12,独眼蛙,70,5,8,1,2,1,2,1,3,3,5,16,0,0,0,0,25,2/金币10 5/金币18 8/金币25 10/回城卷 20/短剑 18/红缨头盔 18/红缨项链 18/红缨手镯 18/红缨戒指 18/红缨靴 ;,255,50,50,255,0
毒蛙,3,12,独眼蛙,70,2,5,1,2,1,2,2,3,3,5,16,0,0,10,0,30,2/金币10 5/金币18 8/金币25 10/回城卷 20/短剑 20/黑斩 ;,50,255,255,255,0
变异蛙,0,13,变异蛙,80,5,8,1,2,1,2,2,3,3,5,16,0,0,0,0,35,2/金币10 5/金币18 8/金币25 20/蟾酥 20/蓝色项链 20/黑斩 20/骨玉权杖 ;,255,255,255,255,0
变异红蛙,1,13,变异蛙,80,4,9,1,2,1,2,2,3,3,5,16,0,0,0,0,35,2/金币10 5/金币18 8/金币25 20/蟾酥 20/蓝色项链 20/黑斩 20/骨玉权杖 15/红缨头盔 15/红缨项链 15/红缨手镯 15/红缨戒指 15/红缨靴 ;,255,50,50,255,0
变异毒蛙,3,13,变异蛙,80,4,6,1,2,1,2,2,3,3,5,16,0,0,10,5,35,2/金币10 5/金币18 8/金币25 20/蟾酥 20/蓝色项链 20/黑斩 20/骨玉权杖 ;,50,255,255,255,0
蛙王,0,14,蛙王,150,6,10,3,5,1,4,2,3,3,5,20,0,0,0,0,40,2/金币10 5/金币18 15/蟾酥 10/骨玉权杖 10/黑斩 10/铁剑 ;,255,255,255,255,0
毒蛙王,3,14,蛙王,200,5,9,3,5,1,5,2,3,3,5,20,0,0,10,5,45,1/蟾酥 20/骨玉权杖 20/宝石手镯 50/螺纹剑 20/黑斩 20/骨玉权杖 ;,50,255,255,255,0
蛙首领,0,15,蛙首领,600,10,15,3,5,1,5,2,4,2,5,20,0,0,0,0,80,1/金币5 1/金币50 1/金币100 1/蟾酥 15/骨玉权杖 15/黄金甲 15/至尊甲 15/圣蓝法衣 15/宝石手镯 15/重靴 50/螺纹剑 10/黑斩 ;,255,255,150,255,23
红野猪,0,20,猪,80,5,6,1,2,1,2,0,2,4,5,20,0,0,0,0,15,2/金币12 5/金币20 8/金币25 20/黑斩 20/皮盾 18/红缨头盔 18/红缨项链 18/红缨手镯 18/红缨戒指 18/红缨靴 ;,255,255,255,255,0
黑野猪,0,24,猪,90,6,8,3,2,1,2,0,2,3,5,20,0,0,0,0,18,2/金币12 5/金币20 8/金币25 20/偃月 20/曲刀 20/黑斩 20/皮盾 20/黄铜头盔 20/黄铜项链 20/黄铜戒指 20/黄铜手镯 ;,255,255,255,255,0
白野猪,0,21,猪,100,6,10,1,2,1,2,0,3,3,5,20,0,0,0,0,25,2/金币12 5/金币20 8/金币25 20/野猪牙 20/清真剑 20/轻盔甲 20/法袍 20/清风衣 15/红缨头盔 15/红缨项链 15/红缨手镯 15/红缨戒指 15/红缨靴 ;,255,255,255,255,0
幻魔猪,0,22,猪,120,4,15,1,2,1,4,1,2,3,5,20,0,0,0,0,30,2/金币12 5/金币20 8/金币25 20/野猪牙 15/乾坤棍 20/铁盾 ;,255,255,255,255,0
毒魔猪,3,22,猪,120,3,8,1,2,1,4,1,3,3,5,20,0,0,10,5,35,2/金币12 5/金币20 8/金币25 20/野猪牙 20/大刀 20/铁盾 ;,90,255,255,255,0
暴烈猪,2,22,猪,150,5,13,1,2,1,4,1,2,3,5,20,0,0,0,0,40,2/金币12 5/金币20 8/金币25 20/野猪牙 20/曲刀 20/铁盾 20/坚固盾牌 ;,100,100,255,255,0
狂野猪,0,23,狂野猪,300,7,12,3,5,1,2,1,4,2,5,20,0,0,0,0,80,1/野猪牙 15/骨玉权杖 20/黄金甲 20/圣蓝法衣 20/至尊甲 20/坚固盾牌 20/偃月 20/铁剑 20/曲刀 ;,255,255,255,255,0
野猪王,0,23,狂野猪,600,9,18,3,5,1,2,1,4,2,5,20,0,0,0,0,300,1/金币5 1/金币10 1/金币10 1/野猪牙 15/骨玉权杖 15/黄金甲 15/圣蓝法衣 15/至尊甲 15/坚固盾牌 15/偃月 15/铁剑 15/曲刀 ;,255,50,50,255,22
尸王,0,17,尸王,500,10,30,3,5,1,2,1,3,3,5,20,0,0,0,0,300,1/金币15 1/金币20 1/金币25 15/大刀 15/双刃斧 15/折扇 15/铁剑 15/曲刀 ;,255,255,255,255,0
毒蜘蛛,0,25,蜘蛛,80,4,8,1,3,1,2,0,2,3,5,20,0,0,20,0,25,2/金币15 5/金币20 8/金币25 20/铁矿石 ;,255,255,255,255,0
土蜘蛛,0,26,蜘蛛,100,6,12,1,5,1,2,0,2,3,5,20,0,0,0,0,30,2/金币15 5/金币20 8/金币25 15/生铁戒指 15/蓝色项链 20/铁矿石 ;,255,255,255,255,0
火蜘蛛,1,26,蜘蛛,110,8,14,1,5,1,2,1,2,3,5,20,0,0,0,0,35,2/金币15 5/金币20 8/金币25 15/生铁戒指 15/蓝色项链 15/铁矿石 ;,255,100,100,255,0
花吻蜘蛛,0,27,蜘蛛,150,10,16,1,4,1,2,1,3,3,5,20,0,0,0,0,40,2/金币15 5/金币20 8/金币25 20/剧毒头盔 20/剧毒项链 20/剧毒手镯 20/剧毒戒指 15/铁矿石 ;,255,255,255,255,0
花吻毒蛛,0,27,蜘蛛,150,10,15,1,4,1,2,2,3,3,5,20,0,0,40,0,40,2/金币15 5/金币20 8/金币25 20/剧毒头盔 20/剧毒项链 20/剧毒手镯 20/剧毒戒指 15/铁矿石 ;,100,255,100,255,0
蜘蛛王,0,28,蜘蛛,700,15,20,1,3,1,2,2,4,2,5,20,0,0,0,0,300,1/金币5 1/金币10 1/金币50 15/剧毒头盔 15/剧毒项链 15/剧毒手镯 15/剧毒戒指 15/蓝色项链 3/骨玉权杖 15/宝石盾 15/珍珠戒指 5/金龙剑 1/铁矿石 ;,255,255,255,255,16
骷髅兵,2,29,骷髅,100,8,15,1,2,1,2,0,2,3,5,20,0,0,0,0,20,2/金币15 5/金币20 8/金币25 15/骷髅之灵 20/皮靴 ;,255,255,255,255,0
骷髅火兵,1,29,骷髅,120,10,18,1,2,1,2,0,2,3,5,20,0,0,0,0,25,2/金币18 5/金币25 8/金币30 15/骷髅之灵 20/皮靴 ;,255,80,80,255,0
骷髅长,2,30,骷髅将,150,12,22,1,3,1,2,1,2,3,5,20,0,0,0,0,30,2/金币18 5/金币25 8/金币30 20/偃月 20/铁剑 20/铁盾 20/眉尖刀 ;,255,255,255,255,0
骷髅战将,2,31,骷髅将,180,16,25,1,4,1,2,1,2,3,5,20,0,0,0,0,35,2/金币18 5/金币25 8/金币30 20/铁剑 20/铁盾 15/眉尖刀 ;,255,255,255,255,0
骷髅枪兵,0,32,骷髅,230,20,25,1,4,1,2,1,2,3,5,20,0,0,0,0,40,2/金币18 5/金币25 8/金币30 40/骷髅头盔 40/骷髅项链 40/骷髅手镯 40/骷髅戒指 25/放大镜 25/精神之笛 30/折扇 35/绿鹰头盔 35/绿鹰项链 35/绿鹰手镯 35/绿鹰戒指 ;,255,255,255,255,0
骷髅刀兵,0,33,骷髅,260,22,30,1,5,1,2,1,2,3,5,20,0,0,0,0,45,2/金币18 5/金币25 8/金币30 20/曲刀 20/大刀 40/骷髅头盔 40/骷髅项链 40/骷髅手镯 40/骷髅戒指 25/放大镜 25/精神之笛 30/折扇 35/绿鹰头盔 35/绿鹰项链 35/绿鹰手镯 35/绿鹰戒指 ;,255,255,255,255,0
魔骷髅,0,34,骷髅将,300,10,18,1,3,1,5,1,3,3,5,20,0,0,0,9,55,2/金币18 5/金币25 8/金币30 30/骨玉权杖 20/魔法盾牌 40/玛瑙头饰 40/玛瑙项链 40/玛瑙手镯 40/玛瑙戒指 20/嗜魂 ;,255,255,255,255,0
骷髅精灵,0,49,骷髅将,250,15,25,1,5,100,100,2,4,3,5,20,0,0,0,0,65,20/魔法盾牌 20/灵珠戒指 20/化魔手镯 15/嗜魂 15/螺纹剑 ;,255,255,255,255,0
钉耙猫,0,35,猫,100,6,14,1,2,1,2,0,2,4,5,20,0,0,0,0,30,2/金币18 5/金币25 8/金币30 10/回城卷 20/铁剑 15/偃月 15/生铁戒指 30/琥珀头盔 30/琥珀项链 30/琥珀手镯 30/琥珀戒指 ;,255,255,255,255,0
火焰钉耙,1,35,猫,120,8,18,1,2,1,2,0,2,4,5,20,0,0,0,0,35,2/金币20 5/金币25 8/金币30 10/回城卷 15/曲刀 10/偃月 15/生铁戒指 25/琥珀头盔 25/琥珀项链 25/琥珀手镯 25/琥珀戒指 ;,255,100,100,255,0
刀足虫,0,36,甲虫,100,10,20,1,2,1,2,1,3,3,5,20,0,0,0,0,40,3/金币20 5/金币25 8/金币30 10/回城卷 15/大刀 15/曲刀 15/生铁戒指 15/铁剑 20/琥珀头盔 20/琥珀项链 20/琥珀手镯 20/琥珀戒指 ;,255,255,255,255,0
暴烈刀足,2,36,甲虫,120,15,20,1,2,1,2,1,3,3,5,20,0,0,0,0,45,2/金币20 5/金币25 8/金币30 10/回城卷 10/大刀 10/曲刀 10/精致盾牌 10/生铁戒指 10/铁剑 15/琥珀头盔 15/琥珀项链 15/琥珀手镯 15/琥珀戒指 ;,100,100,255,255,0
蜈蚣,0,37,蜈蚣,80,8,15,1,2,1,2,0,2,4,5,20,0,0,0,0,35,2/金币20 5/金币25 8/金币30 10/回城卷 15/曲刀 25/骨玉权杖 15/生铁戒指 ;,255,255,255,255,0
毒蜈蚣,3,37,蜈蚣,80,8,15,1,2,1,2,0,2,4,5,20,0,0,10,0,40,2/金币20 5/金币25 8/金币30 20/大刀 25/骨玉权杖 15/生铁戒指 ;,100,255,100,255,0
恶蛆,0,38,甲虫,100,12,18,1,2,1,2,1,2,3,5,20,0,0,0,0,45,2/金币20 5/金币25 8/金币30 15/恶蛆之灵 20/铁剑 20/曲刀 20/大刀 20/骨玉权杖 15/生铁戒指 ;,255,255,255,255,0
火焰恶蛆,1,38,甲虫,120,15,20,1,2,1,2,1,2,3,5,20,0,0,0,0,50,2/金币20 5/金币25 8/金币30 15/恶蛆之灵 20/铁剑 20/曲刀 20/大刀 20/骨玉权杖 15/生铁戒指 ;,255,100,100,255,0
巨型蠕虫,0,39,蠕虫,150,15,30,1,2,1,2,0,2,4,5,20,0,0,0,0,55,2/金币20 5/金币25 8/金币30 20/短剑 20/蛇眼戒指 5/神水 5/神水 5/神水 15/生铁戒指 20/铁剑 25/檀香顶戴 25/檀香吊坠 25/檀香手镯 25/檀香戒指 ;,255,255,255,255,0
钳虫,0,40,钳虫,100,10,22,1,4,1,2,0,2,3,5,20,0,0,0,0,40,2/金币25 5/金币30 8/金币35 20/曲刀 20/大刀 20/双刃斧 20/铁盾 15/生铁戒指 25/骨玉权杖 25/檀香顶戴 25/檀香吊坠 25/檀香手镯 25/檀香戒指 ;,255,255,255,255,0
邪恶钳虫,0,41,钳虫,300,20,30,1,4,1,2,1,2,2,5,20,0,0,0,0,70,2/金币25 5/金币30 8/金币35 15/大刀 15/双刃斧 15/螺纹剑 15/精铁盾 15/银刺 15/生铁戒指 15/铁剑 15/嗜魂 ;,255,255,255,255,0
蝙蝠,0,5,蝙蝠,30,5,10,1,2,1,2,2,3,3,5,20,5,0,0,0,5,2/金币3 5/金币5 20/蝙蝠之灵 15/回城卷 ;,255,255,255,255,0
火焰蝙蝠,1,5,蝙蝠,40,7,12,1,2,1,2,2,3,3,5,20,5,0,0,0,5,2/金币5 5/金币8 20/蝙蝠之灵 15/回城卷 ;,255,100,100,255,0
霉菌蝙蝠,3,5,蝙蝠,50,8,16,1,2,1,2,2,3,2,5,20,5,0,10,0,5,2/金币10 5/金币15 20/蝙蝠之灵 15/回城卷 20/嗜血盾 ;,100,100,255,255,0
邪恶蝙蝠,0,42,蝙蝠,100,10,20,1,2,1,2,2,3,3,5,20,8,0,0,0,40,2/金币25 5/金币30 15/蝙蝠之灵 15/回城卷 20/嗜血盾 ;,255,255,255,255,0
蝙蝠精,0,42,蝙蝠,400,15,25,1,2,1,2,2,4,2,5,20,8,0,0,0,60,2/金币25 5/金币30 2/蝙蝠之灵 15/回城卷 20/嗜血盾 10/热血之源 10/自然之源 10/热血震怒 10/自然震怒 5/酒花玉露 5/凝神玉露 15/折扇 ;,255,255,100,255,0
修炼战士,0,43,修炼,300,10,20,1,5,1,2,1,3,2,5,20,0,15,0,0,70,2/金币25 5/金币30 8/金币35 20/战靴 20/精致手套 20/魔血头饰 20/魔血项链 20/魔血手镯 20/魔血戒指 20/眉尖刀 20/裁决之杖 ;,255,255,255,255,0
修炼法师,0,45,修炼,300,10,15,1,2,1,2,1,4,3,5,20,0,0,0,7,70,2/金币30 5/金币35 8/金币40 20/嗜魂 20/魔法盾牌 20/蓝靴 20/蓝色手套 20/檀香顶戴 20/檀香吊坠 20/檀香手镯 20/檀香戒指 15/嗜魂 ;,255,255,255,255,0
修炼道士,0,44,修炼,300,8,16,1,3,1,2,1,3,3,5,20,80,0,30,0,70,2/金币30 5/金币35 8/金币40 20/精神盾牌 20/红靴 20/精神手套 15/折扇 20/绿鹰头盔 20/绿鹰手镯 20/绿鹰项链 20/绿鹰戒指 ;,255,255,255,255,0
野猴,0,46,老鼠,80,10,15,1,2,1,2,3,3,2,5,20,0,0,0,0,60,2/金币10 5/金币15 8/金币25 20/蛇眼戒指 ;,255,255,255,255,0
血巨人,0,47,血巨人,150,15,25,1,2,1,2,0,2,4,5,20,0,0,0,0,80,2/金币30 5/金币35 8/金币40 15/精致手套 15/蓝色手套 15/精神手套 ;,255,255,255,255,0
巨血魔,0,48,巨血魔,250,15,30,1,2,1,2,0,2,4,5,20,0,0,0,0,80,2/金币10 80/血魔之灵 15/螺纹剑 15/精铁盾 15/赤狮盾 10/热血之源 10/自然之源 10/热血震怒 10/自然震怒 15/命运之刃 ;,255,255,255,255,0
巨灵魔,0,48,巨血魔,300,20,40,2,6,4,15,1,2,3,5,20,0,0,0,0,80,2/金币10 50/血魔之灵 15/精铁盾 15/赤狮盾 15/绿鹰头盔 15/绿鹰项链 15/绿鹰手镯 15/绿鹰戒指 10/热血之源 10/自然之源 10/热血震怒 10/自然震怒 15/嗜魂 ;,255,100,100,255,0
行者,0,50,行者,150,15,25,1,2,15,25,1,2,4,5,20,0,0,0,0,80,2/金币30 5/金币35 8/金币40 20/精铁盾 20/朱玉戒指 20/祈祷之刃 20/命运之刃 ;,255,255,255,255,0
地狱卫士,0,52,地狱卫士,180,20,25,1,3,1,2,1,2,3,5,20,0,0,0,0,80,2/金币30 5/金币35 8/金币40 20/精铁盾 20/乾坤棍 20/银刺 ;,255,255,255,255,0
地狱战士,0,53,地狱战士,200,20,30,1,3,1,2,1,3,3,5,20,0,0,0,0,80,2/金币35 5/金币45 8/金币50 20/精铁盾 20/乾坤棍 20/银刺 20/命运之刃 ;,255,255,255,255,0
古墓教主,0,54,古墓教主,700,15,30,1,3,3,4,1,4,2,5,20,0,0,0,0,250,1/金币20 1/金币10 1/金币20 15/教主之灵 15/嗜魂 15/金龙战袍 15/赤焰法袍 15/青龙战衣 5/命运之刃 5/金龙剑 10/屠龙 ;,255,255,255,255,24
扎克卫士,0,56,祖玛卫士,150,15,20,1,3,3,4,1,3,3,5,20,0,0,0,0,60,2/金币35 15/卫士之灵 20/赤狮盾 20/命运之刃 15/铁剑 15/神水 20/黄金甲 20/圣蓝法衣 20/至尊甲 20/皮靴 ;,255,255,255,255,0
扎克战士,0,55,雕像,200,15,30,100,100,3,4,1,3,3,5,20,0,0,0,0,80,2/金币35 5/金币45 8/金币50 20/赤狮盾 15/银刺 5/神水 15/黄金甲 15/圣蓝法衣 15/至尊甲 15/皮靴 ;,255,255,255,255,0
龙神护卫,0,59,护卫,1000,20,30,1,5,3,4,1,4,3,5,20,0,0,0,0,80,20/龙神之刃 15/金龙战袍 15/赤焰法袍 15/青龙战衣 20/银刺 15/屠龙 15/折扇 ;,255,255,255,255,0
黑风骑士,0,58,黑风骑士,250,20,40,1,3,3,4,1,4,2,5,18,0,0,0,0,80,2/金币35 5/金币45 8/金币50 20/猎杀 3/神水 20/精致盾牌 20/骑士头盔 20/骑士项链 20/骑士手镯 20/骑士戒指 10/热血之源 10/自然之源 10/热血震怒 10/自然震怒 ;,255,255,255,255,0
修魔,0,62,修罗,800,20,35,1,3,3,4,2,4,2,5,20,0,0,0,0,800,1/金币20 1/金币10 1/金币20 20/无双阳剑 15/嗜魂 15/青锋剑 15/骷髅宝甲 15/圣龙魔袍 15/灵魂战衣 15/命运之刃 15/折扇 ;,255,255,255,255,25
罗魔,0,63,修罗,800,20,35,1,3,3,4,2,4,2,5,20,0,0,0,0,800,1/金币20 1/金币10 1/金币20 20/无双阴剑 15/嗜魂 15/青锋剑 15/命运之刃 5/酒花玉露 5/凝神玉露 15/折扇 ;,255,255,255,255,26
黑风教主,0,61,黑风教主,2000,25,40,1,3,3,4,2,4,2,5,20,0,0,0,0,700,1/金币100 1/金币100 1/金币50 15/死神头盔 15/死神项链 15/死神手镯 15/死神戒指 15/死神靴 15/战神盔甲 15/化魔羽衣 15/青钢盾 1/热血之源 1/自然之源 1/热血震怒 1/自然震怒 5/酒花玉露 5/凝神玉露 5/命运之刃 5/金龙剑 5/折扇 ;,255,255,255,255,28
金魔卫士,0,64,金魔卫士,300,15,25,1,3,3,4,2,3,2,5,20,0,0,0,0,80,2/金币40 20/二环宝刀 30/法神头盔 30/法神戒指 30/法神项链 30/法神手镯 ;,255,255,255,255,0
金魔战士,0,67,金魔战士,500,15,35,1,3,3,4,2,3,2,5,20,0,0,0,0,80,1/金币20 30/圣战头盔 30/圣战项链 30/圣战手镯 30/圣战戒指 30/法神头盔 30/法神项链 30/法神手镯 30/法神戒指 15/神水 20/宝石手镯 15/热血之源 15/自然之源 15/热血震怒 15/自然震怒 ;,255,255,255,255,0
金魔霸王,0,65,金魔霸王,2500,25,45,1,3,3,4,2,4,2,5,20,0,0,0,0,800,1/金币50 1/金币50 1/金币100 1/金币200 1/金币200 10/魔血剑 10/青锋剑 1/天仙玉露 15/战神盔甲 15/化魔羽衣 15/重靴 1/热血之源 1/自然之源 1/热血震怒 1/自然震怒 ;,255,255,255,255,30
地狱教主,0,60,教主,1000,20,35,1,5,1,4,2,4,2,5,20,0,0,0,9,800,1/金币100 1/金币100 1/金币50 3/金币50 5/金币50 15/战神盔甲 15/化魔羽衣 1/热血之源 1/自然之源 1/热血震怒 1/自然震怒 15/命运之刃 5/酒花玉露 5/凝神玉露 15/折扇 ;,255,255,255,255,27
地狱灵士,3,53,地狱战士,200,10,20,1,2,1,4,2,3,3,5,20,0,0,0,4,80,2/金币40 5/金币50 8/金币55 20/精致盾牌 20/宝石盾 20/轻手镯 ;,100,100,255,255,0
LP网上之家,0,66,网上之家,1000,20,45,5,10,5,10,2,6,2,5,20,20,20,20,0,500,20/宝石手镯 20/轻手镯 5/金龙剑 10/折扇 5/嗜魂 15/屠龙 ;,255,255,255,255,0
金魔骑士,0,68,金魔骑士,400,20,25,1,5,1,5,2,4,2,5,20,0,0,0,0,80,1/金币15 3/金币20 5/金币25 40/骑士头盔 40/骑士项链 40/骑士手镯 40/骑士戒指 ;,255,255,255,255,0
金魔毒骑,0,68,金魔骑士,250,20,25,1,4,1,3,2,4,2,5,20,0,0,25,6,80,1/金币15 3/金币20 5/金币25 5/解毒药 40/骑士头盔 40/骑士项链 40/骑士手镯 40/骑士戒指 ;,100,255,100,255,0
剧毒王灵,2,10,鬼灵,300,15,20,1,5,1,5,1,4,2,5,20,0,0,10,6,80,1/金币5 1/金币10 1/金币10 10/古墓帽 10/古墓项链 10/古墓手镯 10/古墓戒指 10/古墓靴 20/蓝色项链 20/生铁戒指 ;,255,255,150,255,0
试炼狼,2,7,狼,200,10,25,2,5,0,0,1,2,3,5,20,0,0,0,0,60,20/法杖 5/狼皮 15/蓝色项链 15/生铁戒指 ;,100,100,100,255,0
试炼稻草,2,6,稻草人,100,8,20,0,5,1,5,1,3,4,5,20,0,0,0,0,60,10/木剑 10/玻璃戒指 10/六角戒指 20/法杖 10/青铜斧 10/回城卷 ;,100,100,100,255,0
试炼王灵,2,10,鬼灵,600,10,15,1,5,1,5,1,4,2,4,20,0,5,10,7,80,10/古墓帽 10/古墓项链 10/古墓手镯 10/古墓戒指 10/古墓靴 20/蓝色项链 20/生铁戒指 1/二层凭证 ;,255,255,150,255,0
试炼蛙,0,12,独眼蛙,100,10,20,1,2,1,2,2,2,3,5,16,0,0,0,0,60,10/回城卷 20/短剑 ;,255,255,255,255,0
试炼毒蛙,3,13,变异蛙,150,10,15,1,2,1,2,2,3,3,5,16,0,0,10,5,60,20/蟾酥 20/蓝色项链 20/眉尖刀 20/黑斩 ;,50,255,255,255,0
试炼蛙王,0,15,蛙首领,800,10,30,3,5,1,5,2,4,2,5,20,0,0,0,0,200,2/蟾酥 20/骨玉权杖 20/黄金甲 20/至尊甲 20/圣蓝法衣 20/宝石手镯 20/重靴 50/螺纹剑 20/黑斩 1/三层凭证 ;,255,255,150,255,0
试炼红猪,0,20,猪,120,12,18,1,2,1,2,1,2,4,5,20,0,0,0,0,60,20/黑斩 20/皮盾 20/黄铜头盔 20/黄铜项链 20/黄铜戒指 20/黄铜手镯 ;,255,255,255,255,0
试炼白猪,0,21,猪,200,15,20,1,2,1,2,1,3,3,5,20,0,0,0,0,60,20/野猪牙 20/清真剑 20/轻盔甲 20/法袍 20/清风衣 ;,255,255,255,255,0
试炼猪王,0,23,狂野猪,1000,15,30,3,5,1,2,1,4,2,5,20,0,0,0,0,300,5/野猪牙 15/骨玉权杖 15/黄金甲 15/圣蓝法衣 15/至尊甲 15/坚固盾牌 1/四层凭证 ;,255,50,50,255,0
试炼古尸,0,9,古尸,150,15,25,0,2,0,1,0,2,4,5,20,0,0,0,0,60,20/法仗 12/棉靴 20/清风衣 20/法袍 20/轻盔甲 ;,255,255,255,255,0
试炼魔尸,3,16,古尸,200,10,25,1,2,1,3,0,3,4,5,20,0,0,10,5,60,20/蓝色项链 20/蛇眼戒指 ;,50,255,255,255,0
试炼尸王,0,17,尸王,1000,20,35,3,5,1,2,1,3,3,5,20,0,0,0,0,400,20/大刀 20/双刃斧 1/五层凭证 2/铁矿石 ;,255,255,255,255,0
试炼毒蛛,0,25,蜘蛛,200,15,30,1,3,1,2,1,2,3,5,20,0,0,20,0,60,8/金币25 ;,255,255,255,255,0
试炼花吻,0,27,蜘蛛,250,15,30,1,4,1,2,2,3,3,5,20,0,0,0,0,60,20/剧毒头盔 20/剧毒项链 20/剧毒手镯 20/剧毒戒指 ;,255,255,255,255,0
试炼蛛王,0,28,蜘蛛,1500,20,40,1,3,1,2,2,4,2,5,20,0,0,0,0,500,20/剧毒头盔 20/剧毒项链 20/剧毒手镯 20/剧毒戒指 20/蓝色项链 3/骨玉权杖 20/宝石盾 20/珍珠戒指 3/屠龙 1/六层凭证 2/铁矿石 ;,255,255,255,255,0
试炼刀足,0,36,甲虫,250,10,20,1,2,1,2,1,3,3,5,20,0,0,0,0,50,10/回城卷 20/大刀 ;,255,255,255,255,0
试炼钳虫,0,41,钳虫,300,20,30,1,4,1,2,2,2,2,5,20,0,0,0,0,70,20/大刀 20/双刃斧 20/螺纹剑 20/精铁盾 ;,255,255,255,255,0
试炼修魔,0,62,修罗,2000,20,35,1,3,3,4,2,4,2,5,20,0,0,0,0,800,15/嗜魂 15/青锋剑 1/七层凭证 2/铁矿石 ;,255,255,255,255,0
试炼罗魔,0,63,修罗,2000,20,35,1,3,3,4,2,4,2,5,20,0,0,0,0,800,15/嗜魂 15/青锋剑 5/酒花玉露 5/凝神玉露 1/七层凭证 2/铁矿石 ;,255,255,255,255,0
试炼卫士,0,52,地狱卫士,300,25,35,1,3,1,2,1,3,3,5,20,0,0,0,0,90,15/精铁盾 15/乾坤棍 15/银刺 ;,255,255,255,255,0
试炼战士,0,53,地狱战士,300,28,40,1,3,1,2,1,3,3,5,20,0,0,0,0,100,15/精铁盾 15/乾坤棍 15/银刺 ;,255,255,255,255,0
试炼教主,0,60,教主,3000,25,50,1,5,1,4,2,4,2,5,20,0,0,0,9,800,2/热血之源 2/自然之源 2/热血震怒 2/自然震怒 1/八层凭证 2/铁矿石 10/折扇 ;,255,255,255,255,0
试炼毒骑,0,68,金魔骑士,400,25,40,1,4,1,3,2,4,2,5,20,0,0,25,6,200,5/解毒药 20/骑士头盔 20/骑士项链 20/骑士手镯 20/骑士戒指 ;,100,255,100,255,0
试炼黑风,0,61,黑风教主,3000,30,50,1,3,3,4,2,4,2,5,20,0,0,0,0,800,20/青钢盾 2/热血之源 2/自然之源 2/热血震怒 2/自然震怒 5/酒花玉露 5/凝神玉露 2/铁矿石 ;,255,255,255,255,0
试炼霸王,0,65,金魔霸王,5000,40,60,1,3,3,4,2,4,2,5,20,0,0,0,0,800,15/魔血剑 15/青锋剑 15/玄斩 2/自然之源 2/热血震怒 2/自然震怒 1/终极凭证 2/铁矿石 ;,255,255,255,255,0
蓝海豹,0,80,海豹,100,18,22,1,5,1,2,0,3,3,5,20,0,0,0,0,40,2/金币20 2/金币25 2/金币30 10/回城卷 15/大刀 15/曲刀 15/生铁戒指 15/铁剑 25/珍珠戒指 25/蓝色项链 ;,255,255,255,255,0
海妖,0,81,海妖,2000,25,35,1,5,1,2,0,4,2,5,20,0,5,0,0,800,1/金币20 1/金币50 10/回城卷 15/青真剑 15/螺纹剑 20/双刃斧 8/黄金甲 8/圣蓝法衣 8/至尊甲 10/精致盾牌 10/魔法盾牌 10/精神盾牌 ;,255,255,255,255,32
金色蜥蜴,0,82,沙虫,150,18,25,1,5,1,2,0,3,3,5,20,0,5,0,0,40,2/金币20 2/金币25 2/金币30 10/回城卷 15/大刀 20/曲刀 20/银刺 20/双刃斧 ;,255,255,255,255,0
工蚁,0,71,蚂蚁1,200,15,20,0,2,0,2,1,3,3,5,20,0,0,0,0,40,150/天书一卷 150/天书二卷 150/天书三卷 150/天书四卷 150/天书五卷 150/天书六卷 150/天书七卷 150/天书八卷 150/天书九卷 150/天书十卷 150/天书十一卷 150/天书十二卷 30/铁矿石 ;,100,255,100,255,0
兵蚁,0,70,蚂蚁1,300,18,25,0,2,0,2,1,4,2,5,16,0,0,0,0,50,150/天书一卷 150/天书二卷 150/天书三卷 150/天书四卷 150/天书五卷 150/天书六卷 150/天书七卷 150/天书八卷 150/天书九卷 150/天书十卷 150/天书十一卷 150/天书十二卷 20/铁矿石 ;,255,255,255,255,0
火蚁,0,69,蚂蚁2,400,25,30,0,2,0,2,1,4,2,5,20,0,0,0,0,80,150/天书一卷 150/天书二卷 150/天书三卷 150/天书四卷 150/天书五卷 150/天书六卷 150/天书七卷 150/天书八卷 150/天书九卷 150/天书十卷 150/天书十一卷 150/天书十二卷 10/铁矿石 ;,255,255,255,255,0
毒蚁,0,72,蚂蚁2,300,20,30,0,2,0,2,1,4,2,5,20,0,10,10,0,80,100/天书一卷 100/天书二卷 100/天书三卷 100/天书四卷 100/天书五卷 100/天书六卷 100/天书七卷 100/天书八卷 100/天书九卷 100/天书十卷 100/天书十一卷 100/天书十二卷 10/铁矿石 ;,255,255,255,255,0
蚁后,0,73,蚁后,1000,20,50,0,5,0,5,1,4,3,5,20,0,0,0,0,800,1/金币100 1/金币100 1/金币100 1/金币100 1/金币200 10/天书一卷 10/天书二卷 10/天书三卷 10/天书四卷 10/天书五卷 10/天书六卷 10/天书七卷 10/天书八卷 10/天书九卷 10/天书十卷 10/天书十一卷 10/天书十二卷 1/铁矿石 ;,255,255,255,255,15
新月沙虫,0,11,沙虫,150,20,30,1,3,1,2,0,2,3,5,20,0,0,0,0,20,2/金币20 15/玻璃戒指 ;,255,255,255,255,0
新月沙妖,0,18,沙妖,250,25,35,1,2,1,2,0,2,3,5,20,0,0,0,0,30,2/金币20 15/玻璃戒指 ;,255,255,255,255,0
新月石怪,0,19,石怪,350,30,40,15,25,10,15,0,4,3,5,20,0,0,0,0,40,2/金币20 2/金币30 25/绿色项链 ;,255,255,255,255,0
牛魔卫士,0,84,牛魔卫士,300,15,30,0,1,0,1,0,3,3,5,20,0,0,0,0,30,2/金币20 ;,255,255,255,255,0
牛魔守卫,0,85,牛魔守卫,400,20,30,0,2,0,2,0,3,3,5,20,0,0,0,0,30,2/金币20 40/古铜手镯 40/珍珠戒指 20/热血之源 20/自然之源 ;,255,255,255,255,0
牛魔战士,0,86,牛魔战士,500,20,45,0,3,0,3,0,4,3,5,20,0,0,0,0,30,2/金币20 80/圣尊头盔 80/圣尊项链 80/圣尊手镯 80/圣尊戒指 80/圣尊靴 80/魔神头盔 80/魔神项链 80/魔神手镯 80/魔神戒指 80/魔神靴 20/热血之源 20/自然之源 ;,255,255,255,255,0
牛魔王,0,87,牛魔王,2000,30,45,0,5,0,5,1,5,2,5,20,0,0,0,0,800,2/金币100 2/金币100 2/金币100 2/金币100 2/金币100 2/祝福油 2/战神油 2/屠龙 1/铁矿石 15/狂战靴 15/狂战头盔 15/狂战项链 15/狂战手镯 15/狂战戒指 15/圣战宝甲 15/圣龙魔袍 15/灵魂战衣 ;,255,255,255,255,33
天戟卫士,0,88,天戟卫士,500,30,50,0,1,0,1,0,4,3,5,20,0,0,0,0,30,100/碎红晶石 ;,255,255,255,255,0
乾坤卫士,0,89,乾坤卫士,600,40,60,0,2,0,2,0,4,3,5,20,0,0,0,0,30,100/碎绿晶石 ;,255,255,255,255,0
琵琶仙,0,90,琵琶仙,450,20,50,0,3,0,3,1,4,3,5,20,0,0,0,7,40,100/碎蓝晶石 ;,255,255,255,255,0
神之领,0,91,神之领,3500,25,50,0,5,0,5,1,5,2,5,20,0,0,0,7,800,20/碎红晶石 20/碎蓝晶石 20/碎绿晶石 2/祝福油 2/战神油 30/麻痹戒指 20/皇族头盔 20/皇族项链 20/皇族手镯 20/皇族戒指 20/精忠头盔 20/精忠项链 20/精忠手镯 20/精忠戒指 20/魔术帽 20/魔术项链 20/魔术手镯 20/魔术戒指 ;,255,255,255,255,34
我口,0,92,倭寇,100,1,40,0,0,0,0,0,4,3,5,20,0,0,0,0,1,2/金币10 ;,255,255,255,255,0
牛魔风使,0,85,牛魔守卫,400,20,35,0,2,0,2,0,3,3,5,20,0,0,0,7,30,2/金币20 80/魔神头盔 80/魔神项链 80/魔神手镯 80/魔神戒指 80/圣尊头盔 80/圣尊项链 80/圣尊手镯 80/圣尊戒指 80/圣尊靴 15/嗜魂 ;,100,100,255,255,0
鼻涕虫,0,76,沙虫,100,20,35,1,5,1,0,0,2,4,5,20,0,0,0,0,20,2/金币10 2/金币20 5/金币30 10/回城卷 ;,255,255,255,255,0
嗜血蛾,0,93,巨血蛾,300,20,30,1,5,10,15,0,4,2,5,20,50,0,20,0,30,2/金币10 2/金币20 5/金币30 10/回城卷 15/嗜血盾 ;,255,255,255,255,0
投掷者,0,94,海豹,250,15,30,1,5,1,0,0,4,3,5,20,0,0,0,9,30,2/金币10 2/金币20 5/金币30 20/热血之源 20/自然之源 ;,255,255,255,255,0
疯牧人,0,95,海妖,250,25,35,1,5,1,0,0,4,2,5,20,0,0,0,0,40,2/金币20 2/金币20 5/金币30 15/精铁盾 30/青钢盾 ;,255,255,255,255,0
骨臂怪,0,96,牛魔王,3000,30,45,1,5,1,0,0,5,2,5,20,0,0,0,0,800,2/金币40 2/金币50 5/金币300 2/祝福油 2/战神油 3/隐身药水 500/圣雷剑 500/黄金刀 ;,255,255,255,255,0
血蛾王,1,93,巨血蛾,2000,25,35,1,5,10,15,0,4,2,4,16,80,0,20,0,30,1/金币20 1/金币20 1/金币30 1/金币10 1/金币20 1/金币30 1/金币50 2/金币100 5/金币150 10/回城卷 15/嗜血盾 ;,255,80,80,255,0
叶精灵,0,97,,500,30,50,5,10,2,10,1,4,3,5,20,5,0,0,0,25,,255,255,255,255,0
绿精灵,0,98,,400,10,35,5,10,2,5,1,4,2,2,10,0,0,0,0,35,,255,255,255,255,0
月魔蜘蛛,0,99,,300,25,40,5,10,2,5,1,4,3,5,20,0,2,0,0,40,,255,255,255,255,0
红牛,0,100,,1000,10,20,5,10,2,5,1,0,4,5,20,0,0,0,0,20,,255,255,255,255,0
半兽人,0,101,,600,30,50,5,10,2,5,1,3,4,5,20,0,0,0,0,30,,255,255,255,255,0
兽人勇士,0,102,,700,33,55,5,10,2,5,1,4,4,5,20,0,0,0,0,40,,255,255,255,255,0
兽人战士,0,103,,1000,36,60,5,10,2,5,1,4,3,5,20,0,0,0,0,45,,255,255,255,255,0
兽人统领,0,104,,2000,40,65,5,10,2,5,1,5,2,5,20,0,0,0,0,800,,255,255,255,255,0
象牙怪,0,105,,700,30,45,5,10,2,10,1,3,3,5,20,0,0,0,0,25,,255,255,255,255,0
墓尸,0,106,,800,40,55,5,15,2,10,1,4,3,5,20,0,0,0,0,36,,255,255,255,255,0
灰龙,0,107,,600,30,50,5,15,2,10,1,4,2,5,20,0,0,0,0,30,,255,255,255,255,0
六肢虫,0,108,,700,35,55,5,15,2,10,1,4,3,5,20,0,0,0,0,35,,255,255,255,255,0
白虎,0,109,,1000,40,60,5,15,2,10,1,4,2,5,20,0,0,0,0,50,,255,255,255,255,0
冰封使者,0,110,,600,25,45,5,15,2,10,1,4,4,5,20,0,0,0,0,40,,255,255,255,255,0
古道兵士,0,111,,800,35,45,5,15,2,10,1,3,4,5,20,0,0,0,0,25,,255,255,255,255,0
古道守卫,0,112,,900,40,50,5,15,2,10,1,4,3,5,20,0,0,0,0,30,,255,255,255,255,0
古道灵士,0,113,,600,40,55,5,15,2,10,1,4,3,5,20,0,0,0,0,35,,255,255,255,255,0
古道骑士,0,114,,800,45,55,5,15,2,10,1,4,2,5,20,0,0,0,0,40,,255,255,255,255,0
古道勇士,0,115,,1000,45,60,5,15,2,10,1,5,3,5,20,0,0,0,0,500,,255,255,255,255,0
树妖,0,116,,3500,40,60,5,20,2,15,1,5,3,5,20,0,0,0,0,800,,255,255,255,255,0
变异虫王,0,117,,5000,35,50,5,20,2,15,1,5,2,3,20,0,0,0,0,1000,,255,255,255,255,0
修罗王,0,118,,5000,35,50,5,20,2,15,1,5,2,2,20,0,0,0,0,1000,,255,255,255,255,0
黄泉教主,0,119,,5000,35,60,5,20,2,15,1,5,2,4,20,0,0,0,0,1000,,255,255,255,255,0
甲虫,0,77,甲虫,80,15,20,1,5,1,2,0,2,3,5,20,0,0,0,0,30,2/金币20 2/金币25 5/金币30 10/回城卷 15/生铁戒指 ;,255,255,255,255,0
变异甲虫,0,78,甲虫,160,20,25,1,5,3,5,1,3,3,5,20,0,0,0,0,50,2/金币20 2/金币25 5/金币30 10/回城卷 15/生铁戒指 ;,255,255,255,255,0
老鼠,0,79,老鼠,120,20,25,1,5,1,2,0,2,3,5,20,0,0,0,0,30,2/金币20 2/金币25 5/金币30 10/回城卷 15/大刀 15/曲刀 15/生铁戒指 15/铁剑 25/轻手镯 35/铁矿石 ;,255,255,255,255,0
鼠王,0,79,老鼠,1000,25,35,1,5,1,2,0,3,2,5,20,0,0,0,0,500,2/金币40 2/金币50 5/金币30 10/回城卷 15/大刀 15/曲刀 2/青真剑 15/生铁戒指 5/铁剑 2/轻手镯 1/铁矿石 ;,255,100,100,255,31
